81.82397 24.619616
57.916195 27.12515
61.34362 8.776069
57.06591 85.90703
58.583252 48.450684
24.10376 35.383503
22.004002 2.509725
13.738024 47.31743
59.048546 99.15964
84.98123 7.0798817
33.545376 17.375427
45.074875 26.43494
85.10596 94.03867
38.770985 19.126558
33.767956 20.662577
2.8439045 23.088688
82.63466 62.761013
14.78821 15.543467
35.890545 47.97553
3.3369422 65.02975
27.402342 45.24819
3.6814094 67.53391
88.27265 98.66926
5.624408 87.70999
41.390663 95.99992
83.45092 56.319946
82.475815 85.94859
13.714105 92.45568
14.651304 10.551196
84.63223 25.090641
35.594887 72.77414
8.159554 79.6332
10.234815 5.834609
44.378654 88.31094
89.29396 73.64405
95.57303 40.61116
85.30071 92.964096
83.65045 44.15826
87.61058 91.87112
75.5338 45.15528
70.20882 78.31964
4.315281 8.9985485
18.34563 92.15097
63.541912 79.34938
9.208054 16.800713
43.687344 81.58322
28.735512 79.01757
75.953354 73.21798
81.28063 19.729572
42.880493 49.042614
55.106716 63.208122
78.24226 6.932849
87.76558 89.123726
82.322914 66.771385
38.342125 50.010204
21.47128 99.81809
14.577264 9.920216
12.878924 79.945724
32.242184 76.339966
43.511127 67.325165
51.15084 82.22271
64.246 5.681735
50.242924 56.600613
91.33577 77.73146
75.68804 16.75548
43.64264 61.738945
37.4568 71.29654
28.62944 52.523
96.842964 48.446907
47.275658 10.192406
99.63121 46.92904
28.977425 32.25379
75.67915 45.42811
94.67278 82.64139
68.37345 30.875433
19.07205 73.13155
38.5455 3.7209034
61.689407 67.29214
32.8697 60.75413
28.651047 48.661453
31.45994 21.502293
31.845833 67.64683
22.329718 64.20398
24.295193 5.3864956
59.656376 41.071217
7.6239767 87.55026
80.517624 2.0570457
52.747578 62.095406
2.1416306 31.506336
23.45029 57.990402
33.98322 85.55975
96.07683 47.82561
90.42557 60.49208
80.314224 97.31846
18.987047 56.597942
45.79184 45.571293
93.02914 69.90349
78.31919 88.44862
98.61648 18.80756
35.925705 45.813168
52.941162 26.478386
57.93576 64.117256
71.21889 47.00295
36.141724 16.818928
83.88653 66.26913
73.32428 14.425701
44.031853 82.53099
95.074524 67.120255
43.0844 89.55404
11.817026 69.6605
21.769428 42.95981
41.40436 9.654212
63.11683 91.502266
42.497356 65.77941
38.927166 35.93665
95.573074 36.76411
43.594368 33.123787
23.786306 69.97088
46.697754 69.100296
18.58502 80.58668
74.49671 66.89975
25.044405 29.339577
50.642715 90.60925
25.996769 64.30965
87.38289 31.976652
20.419437 7.0396423
83.64492 78.1475
24.984241 46.365746
8.10678 24.920946
94.518265 87.0723
90.17018 18.195683
90.28631 21.836197
15.24033 33.769108
58.953743 61.483627
92.49535 81.90614
80.858925 73.1688
92.09803 95.47142
16.415237 61.84308
7.3141994 9.0960865
13.234079 55.77275
97.07285 99.8161
24.633879 60.652744
82.011154 57.674034
49.86295 63.13431
66.935074 16.533411
6.4615545 47.73191
23.89707 62.24022
31.1329 40.80466
10.811842 66.51809
24.255133 81.641
2.8299391 72.6528
78.28295 8.942938
48.756893 92.97137
86.855 26.853539
17.897385 11.02708
21.102745 9.055006
98.13602 13.752186
85.66994 13.654232
32.216846 93.93601
59.0849 12.149948
13.495511 52.340744
62.72762 99.63594
96.413025 15.506035
47.61108 12.743818
41.146957 51.555473
98.023094 69.18764
0.9612739 76.652794
11.787081 85.97194
58.39349 71.52798
66.0949 80.5102
20.339346 75.87751
29.702408 3.5280943
29.138618 61.428787
52.481373 58.466263
37.80905 47.84511
94.175125 88.231064
22.56062 73.049965
39.55722 35.96489
68.65298 47.39138
57.45268 36.725952
9.60142 53.58892
68.22316 66.60154
31.820625 28.656834
86.87473 55.159782
73.210625 14.841091
57.019073 66.91803
55.192036 61.721188
11.164194 33.62786
42.601658 26.497437
13.453711 97.91703
38.045914 62.412643
16.797626 31.769436
89.218346 22.355879
3.6917746 62.359898
35.82328 84.89235
61.816586 60.098244
2.6767015 39.99425
56.211685 76.89646
76.9064 41.165005
10.476464 19.485563